LSB(Left) -> MSB(Right)     command Type byte
                                    |
                                   \| /   
                                    |
Send Package :
FE FE FE FE 68 12 34 56 78 90 12 68 11 04 33 33 34 33 68 16

68 12 34 56 78 90 12 68 11 04 33 34 34 33 16
Reply Package :
68 12 34 56 78 90 12 68 91 08 33 33 34 33 33 63 33 33 E8 16


                           command Type byte
                                    |
                                   \| /   
                                    |

查询实时剩余电流数据：
fe fe fe fe 68 12 34 56 78 90 12 68 11 04 33 33 34 33 68 16

查询实时电压数据：
fe fe fe fe 68 12 34 56 78 90 12 68 11 04 33 34 34 35 6B 16
或者
fe fe fe fe 68 12 34 56 78 90 12 68 11 04 33 35 34 35 6C 16
fe fe fe fe 68 12 34 56 78 90 12 68 11 04 33 36 34 35 6D 16

查询当天剩余电流超限次数：
fe fe fe fe 68 12 34 56 78 90 12 68 11 04 33 34 34 33 69 16

查询当天剩余电流最大值：
fe fe fe fe 68 12 34 56 78 90 12 68 11 04 33 35 34 33 6A 16

查询当天平均剩余电流：
fe fe fe fe 68 12 34 56 78 90 12 68 11 04 33 36 34 33 6B 16

查询当天掉电次数：
fe fe fe fe 68 12 34 56 78 90 12 68 11 04 33 37 34 33 6C 16



读取日期:
fe fe fe fe 68 12 34 56 78 90 12 68 11 04 34 34 33 37 6D 16

设置日期(2016 01-28 4):
FE FE FE FE 68 12 34 56 78 90 12 68 14 10 34 34 33 37 33 33 33 33 33 33 33 33 37 5B 34 49 23 16

读取时间：
fe fe fe fe 68 12 34 56 78 90 12 68 11 04 35 34 33 37 6E 16

设置时间（12:00:00）：
FE FE FE FE 68 12 34 56 78 90 12 68 14 0F 35 34 33 37 33 33 33 33 33 33 33 33 45 33 33 BF 16

读取剩余电流超限阈值：
fe fe fe fe 68 12 34 56 78 90 12 68 11 04 34 41 33 37 7A 16
或者
fe fe fe fe 68 12 34 56 78 90 12 68 11 04 35 41 33 37 7B 16

设置剩余电流阈值(20mA)：
fe fe fe fe 68 12 34 56 78 90 12 68 14 0F 34 41 33 37 33 33 33 33 33 33 33 33 33 33 53 D9 16

查询电压上限：
fe fe fe fe 68 12 34 56 78 90 12 68 11 04 36 41 33 37 7C 16

设置电压上限（240）：
fe fe fe fe 68 12 34 56 78 90 12 68 14 0E 36 41 33 37 33 33 33 33 33 33 33 33 33 57 AB 16

查询电压下限：
fe fe fe fe 68 12 34 56 78 90 12 68 11 04 37 41 33 37 7D 16

设置电压下限（200）：
fe fe fe fe 68 12 34 56 78 90 12 68 14 0E 37 41 33 37 33 33 33 33 33 33 33 33 33 53 A8 16



查询最近10次剩余电流故障：
最近1次
fe fe fe fe 68 12 34 56 78 90 12 68 11 04 34 33 38 36 70 16

查询最近10次掉电故障
最近一次
fe fe fe fe 68 12 34 56 78 90 12 68 11 04 34 33 44 36 7C 16

测试上述两个数据包的采集器数据包格式：
AA 0D 12 34 56 78 90 12 02 10 00 00 00 00 75